20
1
6
1116354760
1116354526
1116354667
1119201024
1119200970
1140926249
2
5
257059200
257059002
25762264
1284359730
333682055
3
2
257059200
1119201024
4
4
361001968
410207116
255739212
417124653
5
6
255739212
417124653
257059200
258156997
256053479
417001951
6
4
417001880
417001893
417001926
417001739
7
6
985948301
258157996
1125419058
493834301
484403294
1140186654
8
10
257059200
258156997
256053479
417001951
1116354667
1119201024
1119200970
1140926249
484403294
476442153
9
5
986685109
256053754
476442153
484403822
986692653
10
3
257059200
258156997
256053479
11
2
416014543
417037095
12
15
255738360
1151897405
1151896430
1151896900
1151897015
1151897406
1151897272
1151897054
1151896561
1151897093
1151897131
333652060
69381226
1140076643
1206788317
13
9
69318563
69386424
69386419
69381220
69381224
1119200970
333651876
204993251
1123989388
14
3
590806900
1145361494
579797611
15
3
255739212
333682144
540138409
16
4
417037189
1147233102
247114702
244070256
17
3
244070407
333652849
946187581
18
5
403342972
417001630
417001631
417001795
1106603005
19
3
244070407
333652849
946187581
20
10
417001757
626034442
484248285
258156696
419706975
419706971
1125419581
1125419251
1125419874
333682055