30
1
1
374580678
2
1
374580678
3
1
374580678
4
1
374580678
5
1
374580678
6
4
374580678
1304793252
1304793281
1304793216
7
2
1304793216
1304793281
8
2
1304793216
1304793281
9
2
1304793281
1103606386
10
1
1103606386
11
1
1103606386
12
1
1103606386
13
3
373442054
374580243
374580604
14
1
373442039
15
2
373442039
1103601225
16
4
264358049
265458719
372939299
1103601189
17
1
374580604
18
1
374376367
19
2
374376367
374582058
20
3
373442207
374582058
1304793281
21
1
1304793281
22
1
265458479
23
1
265458479
24
2
265458479
264358072
25
2
251369987
264358072
26
4
264357995
264358056
373442054
373409928
27
1
373409928
28
1
373409928
29
3
373409928
374582421
1304793176
30
1
1103601294
