45
1
1
480493287
2
1
480493287
3
1
480493287
4
1
480493287
5
4
480493287
1296455189
1296455399
1278184346
6
2
1278184346
1264279440
7
4
1264279411
1264279440
1270263239
1279779530
8
1
1225943158
9
1
1225943158
10
1
1225943158
11
13
497922595
534476358
789711113
848507147
1198805079
1198805189
1216466414
1216830855
1216830866
1218948006
1249809179
1278184346
497922866
12
1
481410606
13
3
481410606
1279779530
1334148411
14
3
1334148411
560976008
560405671
15
3
497870961
560405671
25504168
16
17
25504168
1278184346
1279779530
1279835449
1280037577
1290718626
1293997458
1296455189
1296455246
1296455293
1296455303
1296455333
1296455399
1296455432
1334148411
1334148413
1270263239
17
2
1270263239
1223751604
18
1
1223751604
19
2
501173476
1103952835
20
1
1218948006
21
2
560405665
1243857944
22
1
1243857944
23
3
1243857944
497690571
560409104
24
1
697477035
25
1
697477035
26
1
697477035
27
1
697477035
28
6
697477035
428050272
497922261
480494925
480499796
475555187
29
1
475555187
30
1
475555187
31
1
475555187
32
7
473877734
475555187
1249809173
1264279411
560978258
503018208
497870961
33
1
497690737
34
1
497690737
35
1
428050263
36
2
343646753
311887112
37
1
311887112
38
1
25504017
39
2
137817855
285910465
40
1
500009854
41
1
500009854
42
1
500009854
43
1
500009854
44
1
480476965
45
1
497922607
